
_________________________________________________________

Estado inicial: (((0 0 0) (0 0 1) (0 1 1) (0 0 1)) ((0 0 0) (0 1 0) (0 0 1) (0 1 1))) 

Estado final: (((1 1 1) (0 0 1) (0 1 1) (0 0 1)) ((1 1 1) (1 1 1) (1 1 1) (1 1 1))) 

Profundidade maxima: NIL 

Algoritmo: BFS 

Heuristica: NIL 

Profundidade: 11 

Nos Gerados: 122 

Nos expandidos: 11 

Penetrancia: 0.09016393 

Caminho ate solucao: ((((0 0 0) (0 0 1) (0 1 1) (0 0 1)) ((0 0 0) (0 1 0) (0 0 1) (0 1 1))) (((0 0 0) (0 0 1) (0 1 1) (0 0 1)) ((1 0 0) (0 1 0) (0 0 1) (0 1 1))) (((0 0 0) (0 0 1) (0 1 1) (0 0 1)) ((1 1 0) (0 1 0) (0 0 1) (0 1 1))) (((0 0 0) (0 0 1) (0 1 1) (0 0 1)) ((1 1 1) (0 1 0) (0 0 1) (0 1 1))) (((0 0 0) (0 0 1) (0 1 1) (0 0 1)) ((1 1 1) (1 1 0) (0 0 1) (0 1 1))) (((0 0 0) (0 0 1) (0 1 1) (0 0 1)) ((1 1 1) (1 1 1) (0 0 1) (0 1 1))) (((0 0 0) (0 0 1) (0 1 1) (0 0 1)) ((1 1 1) (1 1 1) (1 0 1) (0 1 1))) (((0 0 0) (0 0 1) (0 1 1) (0 0 1)) ((1 1 1) (1 1 1) (1 1 1) (0 1 1))) (((0 0 0) (0 0 1) (0 1 1) (0 0 1)) ((1 1 1) (1 1 1) (1 1 1) (1 1 1))) (((1 0 0) (0 0 1) (0 1 1) (0 0 1)) ((1 1 1) (1 1 1) (1 1 1) (1 1 1))) (((1 1 0) (0 0 1) (0 1 1) (0 0 1)) ((1 1 1) (1 1 1) (1 1 1) (1 1 1))) (((1 1 1) (0 0 1) (0 1 1) (0 0 1)) ((1 1 1) (1 1 1) (1 1 1) (1 1 1)))) 

Fator de ramificacao: 3452271214392 

Valor Heuristico do nó final: 0 

Custo: 11 

Caminho ate solucao: ((((0 0 0) (0 0 1) (0 1 1) (0 0 1)) ((0 0 0) (0 1 0) (0 0 1) (0 1 1))) (((0 0 0) (0 0 1) (0 1 1) (0 0 1)) ((1 0 0) (0 1 0) (0 0 1) (0 1 1))) (((0 0 0) (0 0 1) (0 1 1) (0 0 1)) ((1 1 0) (0 1 0) (0 0 1) (0 1 1))) (((0 0 0) (0 0 1) (0 1 1) (0 0 1)) ((1 1 1) (0 1 0) (0 0 1) (0 1 1))) (((0 0 0) (0 0 1) (0 1 1) (0 0 1)) ((1 1 1) (1 1 0) (0 0 1) (0 1 1))) (((0 0 0) (0 0 1) (0 1 1) (0 0 1)) ((1 1 1) (1 1 1) (0 0 1) (0 1 1))) (((0 0 0) (0 0 1) (0 1 1) (0 0 1)) ((1 1 1) (1 1 1) (1 0 1) (0 1 1))) (((0 0 0) (0 0 1) (0 1 1) (0 0 1)) ((1 1 1) (1 1 1) (1 1 1) (0 1 1))) (((0 0 0) (0 0 1) (0 1 1) (0 0 1)) ((1 1 1) (1 1 1) (1 1 1) (1 1 1))) (((1 0 0) (0 0 1) (0 1 1) (0 0 1)) ((1 1 1) (1 1 1) (1 1 1) (1 1 1))) (((1 1 0) (0 0 1) (0 1 1) (0 0 1)) ((1 1 1) (1 1 1) (1 1 1) (1 1 1))) (((1 1 1) (0 0 1) (0 1 1) (0 0 1)) ((1 1 1) (1 1 1) (1 1 1) (1 1 1)))) 

_________________________________________________________

Estado inicial: (((0 0 1 0) (1 1 1 1) (0 0 1 1) (0 0 1 1) (0 0 1 1)) ((0 0 1 1) (0 0 1 1) (1 1 1 1) (1 0 1 1) (0 1 1 1))) 

Estado final: (((0 0 1 0) (1 1 1 1) (0 0 1 1) (0 0 1 1) (0 0 1 1)) ((1 1 1 1) (1 1 1 1) (1 1 1 1) (1 1 1 1) (0 1 1 1))) 

Profundidade maxima: 10 

Algoritmo: DFS 

Heuristica: NIL 

Profundidade: 5 

Nos Gerados: 66 

Nos expandidos: 5 

Penetrancia: 0.07575758 

Caminho ate solucao: ((((0 0 1 0) (1 1 1 1) (0 0 1 1) (0 0 1 1) (0 0 1 1)) ((0 0 1 1) (0 0 1 1) (1 1 1 1) (1 0 1 1) (0 1 1 1))) (((0 0 1 0) (1 1 1 1) (0 0 1 1) (0 0 1 1) (0 0 1 1)) ((1 0 1 1) (0 0 1 1) (1 1 1 1) (1 0 1 1) (0 1 1 1))) (((0 0 1 0) (1 1 1 1) (0 0 1 1) (0 0 1 1) (0 0 1 1)) ((1 1 1 1) (0 0 1 1) (1 1 1 1) (1 0 1 1) (0 1 1 1))) (((0 0 1 0) (1 1 1 1) (0 0 1 1) (0 0 1 1) (0 0 1 1)) ((1 1 1 1) (1 0 1 1) (1 1 1 1) (1 0 1 1) (0 1 1 1))) (((0 0 1 0) (1 1 1 1) (0 0 1 1) (0 0 1 1) (0 0 1 1)) ((1 1 1 1) (1 1 1 1) (1 1 1 1) (1 0 1 1) (0 1 1 1))) (((0 0 1 0) (1 1 1 1) (0 0 1 1) (0 0 1 1) (0 0 1 1)) ((1 1 1 1) (1 1 1 1) (1 1 1 1) (1 1 1 1) (0 1 1 1)))) 

Fator de ramificacao: 19530 

Valor Heuristico do nó final: 0 

Custo: 5 

Caminho ate solucao: ((((0 0 1 0) (1 1 1 1) (0 0 1 1) (0 0 1 1) (0 0 1 1)) ((0 0 1 1) (0 0 1 1) (1 1 1 1) (1 0 1 1) (0 1 1 1))) (((0 0 1 0) (1 1 1 1) (0 0 1 1) (0 0 1 1) (0 0 1 1)) ((1 0 1 1) (0 0 1 1) (1 1 1 1) (1 0 1 1) (0 1 1 1))) (((0 0 1 0) (1 1 1 1) (0 0 1 1) (0 0 1 1) (0 0 1 1)) ((1 1 1 1) (0 0 1 1) (1 1 1 1) (1 0 1 1) (0 1 1 1))) (((0 0 1 0) (1 1 1 1) (0 0 1 1) (0 0 1 1) (0 0 1 1)) ((1 1 1 1) (1 0 1 1) (1 1 1 1) (1 0 1 1) (0 1 1 1))) (((0 0 1 0) (1 1 1 1) (0 0 1 1) (0 0 1 1) (0 0 1 1)) ((1 1 1 1) (1 1 1 1) (1 1 1 1) (1 0 1 1) (0 1 1 1))) (((0 0 1 0) (1 1 1 1) (0 0 1 1) (0 0 1 1) (0 0 1 1)) ((1 1 1 1) (1 1 1 1) (1 1 1 1) (1 1 1 1) (0 1 1 1)))) 

_________________________________________________________

Estado inicial: (((0 0 1 0) (1 0 1 1) (0 0 1 1) (0 0 1 1) (0 0 1 1)) ((0 0 1 1) (0 0 1 1) (0 0 1 1) (1 0 1 1) (0 1 1 1))) 

Estado final: (((1 0 1 0) (1 0 1 1) (1 0 1 1) (1 0 1 1) (0 0 1 1)) ((1 1 1 1) (1 1 1 1) (1 1 1 1) (1 1 1 1) (0 1 1 1))) 

Profundidade maxima: NIL 

Algoritmo: A-STAR 

Heuristica: HEURISTICA 

Profundidade: 10 

Nos Gerados: 31 

Nos expandidos: 14 

Penetrancia: 0.32258064 

Caminho ate solucao: ((((0 0 1 0) (1 0 1 1) (0 0 1 1) (0 0 1 1) (0 0 1 1)) ((0 0 1 1) (0 0 1 1) (0 0 1 1) (1 0 1 1) (0 1 1 1))) (((0 0 1 0) (1 0 1 1) (0 0 1 1) (0 0 1 1) (0 0 1 1)) ((0 0 1 1) (0 0 1 1) (1 0 1 1) (1 0 1 1) (0 1 1 1))) (((0 0 1 0) (1 0 1 1) (0 0 1 1) (0 0 1 1) (0 0 1 1)) ((0 0 1 1) (0 0 1 1) (1 0 1 1) (1 1 1 1) (0 1 1 1))) (((0 0 1 0) (1 0 1 1) (0 0 1 1) (0 0 1 1) (0 0 1 1)) ((0 0 1 1) (0 0 1 1) (1 1 1 1) (1 1 1 1) (0 1 1 1))) (((0 0 1 0) (1 0 1 1) (0 0 1 1) (0 0 1 1) (0 0 1 1)) ((1 0 1 1) (0 0 1 1) (1 1 1 1) (1 1 1 1) (0 1 1 1))) (((0 0 1 0) (1 0 1 1) (0 0 1 1) (0 0 1 1) (0 0 1 1)) ((1 1 1 1) (0 0 1 1) (1 1 1 1) (1 1 1 1) (0 1 1 1))) (((0 0 1 0) (1 0 1 1) (0 0 1 1) (0 0 1 1) (0 0 1 1)) ((1 1 1 1) (1 0 1 1) (1 1 1 1) (1 1 1 1) (0 1 1 1))) (((1 0 1 0) (1 0 1 1) (0 0 1 1) (0 0 1 1) (0 0 1 1)) ((1 1 1 1) (1 0 1 1) (1 1 1 1) (1 1 1 1) (0 1 1 1))) (((1 0 1 0) (1 0 1 1) (0 0 1 1) (0 0 1 1) (0 0 1 1)) ((1 1 1 1) (1 1 1 1) (1 1 1 1) (1 1 1 1) (0 1 1 1))) (((1 0 1 0) (1 0 1 1) (1 0 1 1) (0 0 1 1) (0 0 1 1)) ((1 1 1 1) (1 1 1 1) (1 1 1 1) (1 1 1 1) (0 1 1 1))) (((1 0 1 0) (1 0 1 1) (1 0 1 1) (1 0 1 1) (0 0 1 1)) ((1 1 1 1) (1 1 1 1) (1 1 1 1) (1 1 1 1) (0 1 1 1)))) 

Fator de ramificacao: 4361070182714 

Valor Heuristico do nó final: 0 

Custo: 10 

Caminho ate solucao: ((((0 0 1 0) (1 0 1 1) (0 0 1 1) (0 0 1 1) (0 0 1 1)) ((0 0 1 1) (0 0 1 1) (0 0 1 1) (1 0 1 1) (0 1 1 1))) (((0 0 1 0) (1 0 1 1) (0 0 1 1) (0 0 1 1) (0 0 1 1)) ((0 0 1 1) (0 0 1 1) (1 0 1 1) (1 0 1 1) (0 1 1 1))) (((0 0 1 0) (1 0 1 1) (0 0 1 1) (0 0 1 1) (0 0 1 1)) ((0 0 1 1) (0 0 1 1) (1 0 1 1) (1 1 1 1) (0 1 1 1))) (((0 0 1 0) (1 0 1 1) (0 0 1 1) (0 0 1 1) (0 0 1 1)) ((0 0 1 1) (0 0 1 1) (1 1 1 1) (1 1 1 1) (0 1 1 1))) (((0 0 1 0) (1 0 1 1) (0 0 1 1) (0 0 1 1) (0 0 1 1)) ((1 0 1 1) (0 0 1 1) (1 1 1 1) (1 1 1 1) (0 1 1 1))) (((0 0 1 0) (1 0 1 1) (0 0 1 1) (0 0 1 1) (0 0 1 1)) ((1 1 1 1) (0 0 1 1) (1 1 1 1) (1 1 1 1) (0 1 1 1))) (((0 0 1 0) (1 0 1 1) (0 0 1 1) (0 0 1 1) (0 0 1 1)) ((1 1 1 1) (1 0 1 1) (1 1 1 1) (1 1 1 1) (0 1 1 1))) (((1 0 1 0) (1 0 1 1) (0 0 1 1) (0 0 1 1) (0 0 1 1)) ((1 1 1 1) (1 0 1 1) (1 1 1 1) (1 1 1 1) (0 1 1 1))) (((1 0 1 0) (1 0 1 1) (0 0 1 1) (0 0 1 1) (0 0 1 1)) ((1 1 1 1) (1 1 1 1) (1 1 1 1) (1 1 1 1) (0 1 1 1))) (((1 0 1 0) (1 0 1 1) (1 0 1 1) (0 0 1 1) (0 0 1 1)) ((1 1 1 1) (1 1 1 1) (1 1 1 1) (1 1 1 1) (0 1 1 1))) (((1 0 1 0) (1 0 1 1) (1 0 1 1) (1 0 1 1) (0 0 1 1)) ((1 1 1 1) (1 1 1 1) (1 1 1 1) (1 1 1 1) (0 1 1 1)))) 

_________________________________________________________

Estado inicial: (((0 0 0) (0 0 1) (0 1 1) (0 0 1)) ((0 0 0) (0 1 0) (0 0 1) (0 1 1))) 

Estado final: (((1 1 1) (0 0 1) (0 1 1) (0 0 1)) ((1 1 1) (1 1 1) (1 1 1) (1 1 1))) 

Profundidade maxima: NIL 

Algoritmo: BFS 

Heuristica: NIL 

Profundidade: 11 

Nos Gerados: 122 

Nos expandidos: 11 

Penetrancia: 0.09016393 

Caminho ate solucao: ((((0 0 0) (0 0 1) (0 1 1) (0 0 1)) ((0 0 0) (0 1 0) (0 0 1) (0 1 1))) (((0 0 0) (0 0 1) (0 1 1) (0 0 1)) ((1 0 0) (0 1 0) (0 0 1) (0 1 1))) (((0 0 0) (0 0 1) (0 1 1) (0 0 1)) ((1 1 0) (0 1 0) (0 0 1) (0 1 1))) (((0 0 0) (0 0 1) (0 1 1) (0 0 1)) ((1 1 1) (0 1 0) (0 0 1) (0 1 1))) (((0 0 0) (0 0 1) (0 1 1) (0 0 1)) ((1 1 1) (1 1 0) (0 0 1) (0 1 1))) (((0 0 0) (0 0 1) (0 1 1) (0 0 1)) ((1 1 1) (1 1 1) (0 0 1) (0 1 1))) (((0 0 0) (0 0 1) (0 1 1) (0 0 1)) ((1 1 1) (1 1 1) (1 0 1) (0 1 1))) (((0 0 0) (0 0 1) (0 1 1) (0 0 1)) ((1 1 1) (1 1 1) (1 1 1) (0 1 1))) (((0 0 0) (0 0 1) (0 1 1) (0 0 1)) ((1 1 1) (1 1 1) (1 1 1) (1 1 1))) (((1 0 0) (0 0 1) (0 1 1) (0 0 1)) ((1 1 1) (1 1 1) (1 1 1) (1 1 1))) (((1 1 0) (0 0 1) (0 1 1) (0 0 1)) ((1 1 1) (1 1 1) (1 1 1) (1 1 1))) (((1 1 1) (0 0 1) (0 1 1) (0 0 1)) ((1 1 1) (1 1 1) (1 1 1) (1 1 1)))) 

Fator de ramificacao: 10.166667 

Valor Heuristico do nó final: 0 

Custo: 11 

Caminho ate solucao: ((((0 0 0) (0 0 1) (0 1 1) (0 0 1)) ((0 0 0) (0 1 0) (0 0 1) (0 1 1))) (((0 0 0) (0 0 1) (0 1 1) (0 0 1)) ((1 0 0) (0 1 0) (0 0 1) (0 1 1))) (((0 0 0) (0 0 1) (0 1 1) (0 0 1)) ((1 1 0) (0 1 0) (0 0 1) (0 1 1))) (((0 0 0) (0 0 1) (0 1 1) (0 0 1)) ((1 1 1) (0 1 0) (0 0 1) (0 1 1))) (((0 0 0) (0 0 1) (0 1 1) (0 0 1)) ((1 1 1) (1 1 0) (0 0 1) (0 1 1))) (((0 0 0) (0 0 1) (0 1 1) (0 0 1)) ((1 1 1) (1 1 1) (0 0 1) (0 1 1))) (((0 0 0) (0 0 1) (0 1 1) (0 0 1)) ((1 1 1) (1 1 1) (1 0 1) (0 1 1))) (((0 0 0) (0 0 1) (0 1 1) (0 0 1)) ((1 1 1) (1 1 1) (1 1 1) (0 1 1))) (((0 0 0) (0 0 1) (0 1 1) (0 0 1)) ((1 1 1) (1 1 1) (1 1 1) (1 1 1))) (((1 0 0) (0 0 1) (0 1 1) (0 0 1)) ((1 1 1) (1 1 1) (1 1 1) (1 1 1))) (((1 1 0) (0 0 1) (0 1 1) (0 0 1)) ((1 1 1) (1 1 1) (1 1 1) (1 1 1))) (((1 1 1) (0 0 1) (0 1 1) (0 0 1)) ((1 1 1) (1 1 1) (1 1 1) (1 1 1)))) 

_________________________________________________________

Estado inicial: (((0 0 0) (0 0 1) (0 1 1) (0 0 1)) ((0 0 0) (0 1 0) (0 0 1) (0 1 1))) 

Estado final: (((0 0 0) (0 1 1) (0 1 1) (0 0 1)) ((0 0 0) (0 1 0) (0 1 1) (0 1 1))) 

Profundidade maxima: NIL 

Algoritmo: A-STAR 

Heuristica: HEURISTICA 

Profundidade: 2 

Nos Gerados: 46 

Nos expandidos: 2 

Penetrancia: 0.04347826 

Caminho ate solucao: ((((0 0 0) (0 0 1) (0 1 1) (0 0 1)) ((0 0 0) (0 1 0) (0 0 1) (0 1 1))) (((0 0 0) (0 0 1) (0 1 1) (0 0 1)) ((0 0 0) (0 1 0) (0 1 1) (0 1 1))) (((0 0 0) (0 1 1) (0 1 1) (0 0 1)) ((0 0 0) (0 1 0) (0 1 1) (0 1 1)))) 

Fator de ramificacao: 15.333333 

Valor Heuristico do nó final: 0 

Custo: 2 

Caminho ate solucao: ((((0 0 0) (0 0 1) (0 1 1) (0 0 1)) ((0 0 0) (0 1 0) (0 0 1) (0 1 1))) (((0 0 0) (0 0 1) (0 1 1) (0 0 1)) ((0 0 0) (0 1 0) (0 1 1) (0 1 1))) (((0 0 0) (0 1 1) (0 1 1) (0 0 1)) ((0 0 0) (0 1 0) (0 1 1) (0 1 1)))) 
